0 0.328020 0.541375 0.038570 0.062972
0 0.292254 0.506646 0.039008 0.062097
0 0.251699 0.551090 0.041086 0.049458
0 0.913605 0.577306 0.082945 0.086500
0 0.322051 0.417250 0.041477 0.034167
0 0.333816 0.486021 0.042555 0.046042
0 0.213238 0.402847 0.028898 0.029917
0 0.261270 0.405132 0.036117 0.032597
0 0.402738 0.415826 0.039352 0.036931
0 0.262059 0.483264 0.036945 0.041972
0 0.262934 0.453819 0.038695 0.030889
0 0.290262 0.440118 0.040445 0.040042
0 0.369980 0.474826 0.038430 0.042403
0 0.434254 0.514868 0.058305 0.065958
0 0.429945 0.569646 0.052344 0.069486
0 0.386547 0.630306 0.083484 0.171972
0 0.729086 0.801681 0.116609 0.187278
0 0.293238 0.778486 0.072430 0.150000
0 0.737738 0.492535 0.051555 0.051847
0 0.748547 0.577972 0.070609 0.064361
0 0.544289 0.733528 0.073797 0.110306
0 0.301063 0.596229 0.042797 0.074347
0 0.897281 0.460250 0.070922 0.064389
0 0.508844 0.566375 0.054641 0.063167
0 0.194547 0.389347 0.028156 0.028333
