0 0.213738 0.931382 0.141039 0.137236
0 0.430773 0.950187 0.137906 0.099625
0 0.381824 0.485451 0.040648 0.045986
0 0.559059 0.775174 0.082117 0.124764
0 0.835090 0.689382 0.090305 0.084542
0 0.485961 0.466681 0.033969 0.043111
0 0.555629 0.460847 0.035242 0.038972
0 0.282715 0.652715 0.056102 0.099875
0 0.502848 0.649896 0.069930 0.107847
0 0.245195 0.468882 0.037844 0.045958
0 0.352063 0.438153 0.024984 0.019639
0 0.396699 0.429840 0.020930 0.020986
0 0.474445 0.467375 0.056922 0.043306
0 0.261730 0.547854 0.049273 0.065681
0 0.616164 0.502417 0.062203 0.053639
0 0.825617 0.553174 0.072453 0.071042
0 0.765852 0.602361 0.068687 0.075500
0 0.316406 0.477507 0.043281 0.035764
0 0.323359 0.526062 0.047531 0.070458
0 0.622629 0.452049 0.054195 0.040514
0 0.639566 0.485993 0.042492 0.038319
0 0.322953 0.417743 0.033391 0.024931
0 0.203637 0.392729 0.037398 0.026125
0 0.271418 0.406778 0.035836 0.027306
0 0.303027 0.398625 0.029164 0.022167
