0 0.263223 0.410333 0.027055 0.028667
0 0.929129 0.608486 0.083602 0.075306
0 0.397578 0.657521 0.069687 0.137236
0 0.596523 0.529813 0.038641 0.048931
0 0.610254 0.474090 0.050336 0.051625
0 0.447281 0.573403 0.053781 0.065833
0 0.979398 0.580125 0.041125 0.071694
0 0.936516 0.692208 0.085641 0.076556
0 0.282738 0.782111 0.078508 0.169556
0 0.840418 0.959729 0.047195 0.068264
0 0.663152 0.476292 0.043758 0.030861
0 0.548398 0.579458 0.073828 0.128056
0 0.286090 0.624278 0.046211 0.076833
0 0.275887 0.583194 0.045023 0.056556
0 0.332910 0.538382 0.042617 0.062958
0 0.341613 0.489292 0.045617 0.056556
0 0.239891 0.525035 0.048656 0.059764
0 0.499125 0.483625 0.046297 0.043917
0 0.445418 0.464201 0.041352 0.038375
0 0.535668 0.432535 0.044477 0.036069
0 0.471426 0.425597 0.047602 0.046250
0 0.391836 0.441549 0.036156 0.039292
0 0.261922 0.444556 0.037969 0.037917
0 0.241895 0.463514 0.036930 0.040694
0 0.199367 0.475535 0.036672 0.050875
0 0.213285 0.436924 0.029648 0.034681
0 0.189355 0.394847 0.020805 0.024500
0 0.172711 0.390687 0.015078 0.023569
0 0.233832 0.402243 0.029133 0.029125
0 0.676910 0.580743 0.062211 0.066819
0 0.313418 0.414965 0.029133 0.033292
0 0.371418 0.414042 0.036930 0.037917
0 0.811191 0.676153 0.085023 0.082917
0 0.682719 0.721694 0.086203 0.128083
0 0.522504 0.693181 0.066523 0.116250
