0 0.850840 0.694007 0.089523 0.083181
0 0.340656 0.542938 0.051359 0.061986
0 0.284801 0.690958 0.060633 0.132806
0 0.409402 0.675194 0.059086 0.113833
0 0.490176 0.430646 0.041414 0.042208
0 0.596887 0.463285 0.037758 0.034458
0 0.458824 0.445306 0.029336 0.033861
0 0.309137 0.402986 0.030773 0.022250
0 0.371109 0.409451 0.032297 0.027958
0 0.313867 0.424382 0.029781 0.022931
0 0.361945 0.437889 0.030641 0.031333
0 0.976324 0.584771 0.047352 0.142347
0 0.494871 0.547958 0.059633 0.068722
0 0.420602 0.540104 0.054672 0.078542
0 0.264328 0.486611 0.037000 0.040250
0 0.233406 0.518507 0.042516 0.064792
0 0.229812 0.452736 0.038656 0.045167
0 0.448613 0.467187 0.040680 0.045153
0 0.877773 0.645674 0.082687 0.071264
0 0.264500 0.397542 0.026016 0.024667
0 0.237621 0.408139 0.039023 0.029667
0 0.206188 0.398507 0.029484 0.028903
0 0.173777 0.392910 0.022758 0.026208
0 0.225699 0.385201 0.031648 0.035458
0 0.576258 0.483083 0.050875 0.052889
0 0.246949 0.907264 0.098727 0.153556
0 0.774734 0.870417 0.118641 0.148306
0 0.456187 0.604014 0.051344 0.077194
0 0.715336 0.513646 0.055375 0.059792
0 0.700340 0.598917 0.066695 0.071306
0 0.267227 0.587076 0.047422 0.076542
0 0.521508 0.653722 0.071312 0.110250
