0 0.567648 0.498556 0.055547 0.091250
0 0.630477 0.865375 0.138000 0.168000
0 0.261477 0.941375 0.124500 0.106667
0 0.475602 0.965375 0.131250 0.053333
0 0.389484 0.425049 0.030875 0.033736
0 0.359570 0.411035 0.030234 0.024014
0 0.341883 0.433049 0.025734 0.034875
0 0.299367 0.422708 0.031359 0.025194
0 0.283109 0.401646 0.034141 0.029319
0 0.247109 0.398965 0.028563 0.022292
0 0.275609 0.490000 0.040250 0.045083
0 0.320641 0.476917 0.037766 0.039083
0 0.374809 0.509701 0.045383 0.041597
0 0.633387 0.444938 0.087336 0.080431
0 0.955594 0.604542 0.060469 0.071000
0 0.258871 0.546056 0.041852 0.098833
0 0.565293 0.478840 0.051898 0.052153
0 0.682031 0.497563 0.052500 0.052875
0 0.800590 0.506889 0.063258 0.047667
0 0.212039 0.391326 0.034141 0.028486
0 0.778430 0.655236 0.084578 0.071583
0 0.332496 0.536979 0.043039 0.062375
0 0.301055 0.650069 0.051656 0.093056
0 0.424316 0.566549 0.052336 0.080403
0 0.821996 0.559028 0.068773 0.055778
0 0.709703 0.551840 0.060687 0.062014
