0 0.528711 0.726479 0.068359 0.103097
0 0.432652 0.933715 0.148961 0.132569
0 0.814187 0.926576 0.158453 0.146847
0 0.776582 0.416326 0.052570 0.063597
0 0.185512 0.390875 0.018305 0.023833
0 0.212777 0.399083 0.029711 0.026722
0 0.251008 0.398278 0.031156 0.021250
0 0.259090 0.548000 0.050898 0.066444
0 0.263922 0.480417 0.050250 0.052694
0 0.345750 0.491299 0.043813 0.060708
0 0.456246 0.519931 0.053477 0.058417
0 0.372488 0.440903 0.034148 0.037806
0 0.405992 0.427729 0.043172 0.036653
0 0.718422 0.604090 0.064609 0.080347
0 0.850078 0.562396 0.061766 0.079153
0 0.785410 0.561993 0.099039 0.095264
0 0.276934 0.604681 0.046836 0.076667
0 0.456922 0.587201 0.055906 0.070347
0 0.591023 0.523118 0.037328 0.045514
0 0.386320 0.626479 0.060344 0.094069
0 0.482926 0.471910 0.041492 0.029542
0 0.575605 0.480167 0.052039 0.051056
0 0.613719 0.476444 0.036594 0.034639
0 0.306184 0.413299 0.020102 0.019597
0 0.482750 0.459951 0.040453 0.051097
