0 0.463941 0.450854 0.037195 0.040403
0 0.380137 0.511056 0.045195 0.062972
0 0.404586 0.446917 0.034359 0.035250
0 0.369051 0.437750 0.028305 0.033833
0 0.325574 0.445035 0.038617 0.048403
0 0.275879 0.462660 0.040680 0.035708
0 0.231859 0.469472 0.030391 0.037111
0 0.240328 0.440812 0.036187 0.029597
0 0.269129 0.434937 0.030398 0.029125
0 0.299812 0.400632 0.029344 0.027264
0 0.662559 0.466889 0.045992 0.037583
0 0.990824 0.642319 0.018023 0.057972
0 0.205137 0.473785 0.026133 0.029681
0 0.438078 0.582187 0.048578 0.062819
0 0.623305 0.679708 0.078016 0.101861
0 0.292566 0.503799 0.040148 0.049764
0 0.552844 0.472118 0.052297 0.055625
0 0.262273 0.898542 0.121719 0.191667
0 0.778332 0.642958 0.087617 0.117111
0 0.842543 0.615944 0.072773 0.069472
0 0.616543 0.497646 0.051570 0.059653
0 0.285625 0.625569 0.053938 0.103528
0 0.736105 0.518403 0.052773 0.050639
0 0.700043 0.537701 0.057023 0.058625
0 0.476270 0.632667 0.059898 0.081889
0 0.224750 0.404250 0.028125 0.028750
0 0.259516 0.404597 0.033594 0.033889
0 0.326977 0.540264 0.039797 0.061361
0 0.542988 0.585250 0.062336 0.086333
0 0.461703 0.520347 0.059578 0.071639
0 0.514055 0.429729 0.040984 0.047153
0 0.385426 0.480750 0.041492 0.035250
