0 0.377895 0.474924 0.044242 0.044958
0 0.374098 0.518715 0.053508 0.068403
0 0.920125 0.651618 0.100234 0.102764
0 0.345719 0.413264 0.038313 0.037472
0 0.419648 0.430451 0.037578 0.037014
0 0.824797 0.925014 0.050750 0.122083
0 0.693453 0.502632 0.035781 0.050653
0 0.703902 0.503556 0.056852 0.056694
0 0.628617 0.510549 0.052250 0.047597
0 0.650879 0.573160 0.051320 0.038792
0 0.467348 0.438743 0.040352 0.050375
0 0.308668 0.521285 0.039961 0.057486
0 0.260340 0.413111 0.024648 0.024250
0 0.216355 0.405208 0.023023 0.023583
0 0.237816 0.401875 0.018898 0.025361
0 0.181695 0.395639 0.030531 0.024028
0 0.544363 0.456653 0.049430 0.042028
0 0.296187 0.417111 0.032109 0.030250
0 0.544996 0.502125 0.044727 0.050056
0 0.657918 0.699174 0.088586 0.113542
0 0.401004 0.677424 0.060992 0.114903
0 0.443539 0.502944 0.049437 0.066778
0 0.369398 0.587653 0.046719 0.076750
0 0.597602 0.826569 0.094047 0.139778
0 0.498109 0.628722 0.066484 0.102194
0 0.766156 0.642278 0.077375 0.085111
0 0.531730 0.583056 0.052664 0.064444
0 0.257668 0.479889 0.038305 0.048694
0 0.249984 0.444660 0.035406 0.035236
0 0.333879 0.483750 0.045602 0.052972
