0 0.965617 0.707667 0.064375 0.065278
0 0.762918 0.409319 0.037430 0.050444
0 0.326355 0.416861 0.034852 0.035861
0 0.462691 0.949444 0.114289 0.095083
0 0.497332 0.481389 0.042758 0.038750
0 0.686523 0.742688 0.090188 0.116347
0 0.271941 0.832722 0.080508 0.161889
0 0.275813 0.707993 0.062688 0.101264
0 0.608117 0.889674 0.110719 0.182292
0 0.768801 0.568944 0.067367 0.067306
0 0.814422 0.519597 0.059906 0.057917
0 0.772852 0.652861 0.078312 0.090583
0 0.635223 0.557438 0.058961 0.051931
0 0.426469 0.435208 0.042094 0.040306
0 0.555383 0.464306 0.051891 0.047500
0 0.599934 0.461826 0.034539 0.051847
0 0.397535 0.445979 0.041492 0.041125
0 0.378484 0.616507 0.059188 0.089486
0 0.478148 0.612875 0.069391 0.101583
0 0.263750 0.404986 0.030766 0.024472
0 0.235414 0.408944 0.031578 0.023750
0 0.188664 0.396354 0.027125 0.027347
0 0.237238 0.531278 0.040883 0.059722
0 0.273867 0.488458 0.042906 0.038861
0 0.307465 0.470472 0.041289 0.040306
