0 0.853082 0.942514 0.107055 0.108250
0 0.439113 0.896083 0.110258 0.198583
0 0.985582 0.636264 0.028383 0.087583
0 0.639145 0.561507 0.038602 0.050625
0 0.307414 0.529340 0.047016 0.072653
0 0.239656 0.521167 0.040266 0.063167
0 0.382117 0.624201 0.050766 0.077236
0 0.668086 0.521965 0.043828 0.044931
0 0.423809 0.421687 0.037070 0.034153
0 0.507133 0.464465 0.040359 0.037986
0 0.874926 0.697778 0.079148 0.081972
0 0.273965 0.839493 0.085648 0.135764
0 0.594777 0.643042 0.074227 0.092250
0 0.188031 0.395375 0.029469 0.022306
0 0.229949 0.396792 0.019711 0.021583
0 0.341949 0.411132 0.029867 0.019819
0 0.252645 0.402639 0.028070 0.030444
0 0.294957 0.464229 0.042211 0.043903
0 0.344836 0.491486 0.040422 0.043194
0 0.567074 0.447604 0.043898 0.036014
0 0.562133 0.488118 0.044141 0.044153
0 0.830715 0.612056 0.071617 0.062139
0 0.336277 0.430639 0.023227 0.019889
