0 0.287188 0.403507 0.033625 0.031875
0 0.722699 0.548438 0.064523 0.070153
0 0.595125 0.528715 0.048922 0.060597
0 0.839027 0.618604 0.091758 0.080875
0 0.499820 0.556868 0.065250 0.073042
0 0.532348 0.674667 0.070008 0.105194
0 0.491508 0.462472 0.038531 0.040222
0 0.626020 0.499549 0.052102 0.053181
0 0.447813 0.457743 0.046500 0.048264
0 0.440617 0.581764 0.052109 0.067083
0 0.353422 0.465382 0.048797 0.066292
0 0.279227 0.579271 0.102594 0.212708
0 0.342871 0.543014 0.040086 0.067778
0 0.298934 0.523333 0.123211 0.097694
0 0.836953 0.549458 0.087984 0.068750
0 0.520598 0.436632 0.057727 0.049319
0 0.430371 0.419444 0.039789 0.040861
0 0.382457 0.423431 0.028023 0.032889
0 0.365086 0.436882 0.038672 0.040847
0 0.326133 0.417201 0.029703 0.033375
0 0.253004 0.459049 0.039227 0.040347
0 0.245156 0.430646 0.044266 0.033375
0 0.168379 0.382083 0.030258 0.034861
0 0.207187 0.395285 0.036141 0.039347
